N              timeProfe			 timeME
1              7.71003e-07           7.22002e-07
5              7.11003e-07           6.58002e-07
10             9.98005e-07           1.027e-06
50             8.04594e-06           5.60599e-06
100            2.62181e-05           1.91501e-05
200            9.05088e-05           6.01491e-05
500            0.000428563           0.000323194
800            0.00107219            0.000776533
1000           0.00165496            0.00121683
1500           0.00382974            0.00272807

